Sum of /data_set/feature/v,Column Labels,,,,,,,,,,,,,,,,,,,,,,,,,,,,
Row Labels,Area Method of Moments of MFCCs Overall Average,Area Method of Moments of MFCCs Overall Standard Deviation,Beat Sum Overall Average,Beat Sum Overall Standard Deviation,Compactness Overall Average,Compactness Overall Standard Deviation,Fraction Of Low Energy Windows Overall Average,Fraction Of Low Energy Windows Overall Standard Deviation,LPC Overall Average,LPC Overall Standard Deviation,Method of Moments Overall Average,Method of Moments Overall Standard Deviation,Root Mean Square Overall Average,Root Mean Square Overall Standard Deviation,Spectral Centroid Overall Average,Spectral Centroid Overall Standard Deviation,Spectral Flux Overall Average,Spectral Flux Overall Standard Deviation,Spectral Rolloff Point Overall Average,Spectral Rolloff Point Overall Standard Deviation,Spectral Variability Overall Average,Spectral Variability Overall Standard Deviation,Strength Of Strongest Beat Overall Average,Strength Of Strongest Beat Overall Standard Deviation,Strongest Beat Overall Average,Strongest Beat Overall Standard Deviation,Zero Crossings Overall Average,Zero Crossings Overall Standard Deviation,Grand Total
 LOVE001F.wav,10667402006,12122621852,21.13,7.498,1618,248.7,0.6006,0.07651,-0.40408,2.1298,56512899.72,17012969.09,0.03141,0.01921,44.47,31.28,0.00009704,0.0002141,0.301,0.2573,0.0007463,0.0004774,0.009754,0.0004643,200.7,36.23,100.1,56.37,22863552094
 LOVE001G.wav,62701945245,12542239172,0,0,1783,241,0.5779,0.02495,-0.10894,1.46573,10036644.15,11154053.08,0.06484,0.01379,14.36,5.468,0.00009816,0.0001576,0.09533,0.07174,0.001661,0.0003959,0,0,0,0,35.09,15.64,75265377211
 LOVE002E.wav,1.51E+11,42014205422,20.35,0.6431,1629,186.9,0.6717,0.07798,-1.03589,2.0033,57082813.39,12465066.31,0.02974,0.01783,70.65,48.51,0.0001307,0.0003772,0.5107,0.2892,0.000662,0.000397,0.009392,0.0001696,129.9,21.35,154.9,83.49,1.93E+11
 LOVE002F.wav,4.09E+11,1.15E+11,39.7,6.63,1771,170,0.5994,0.06255,-0.383038,1.7267,43103142.07,11780638.11,0.03599,0.01525,46.23,32.4,0.0001204,0.0002112,0.3018,0.2155,0.0008382,0.0003443,0.009302,0.0001149,210.4,16.78,106.7,60.09,5.24E+11
 LOVE003G.wav,7.28E+11,59055906339,0,0,1691,223.3,0.4731,0.08591,-0.16554,1.8429,29322976.47,9575781.46,0.07266,0.03211,43.82,32.75,0.0004917,0.0008666,0.2433,0.1967,0.001836,0.0009243,0,0,0,0,94.66,64.44,7.87E+11
 LOVE004E.wav,1.42E+12,3.81E+11,53.07,13.01,1654,172.7,0.6419,0.04217,-0.69252,1.9538,52850683.46,10577339.88,0.04241,0.03005,58.74,50.77,0.0002728,0.0006636,0.4135,0.3108,0.0009553,0.0006428,0.009379,0.0003547,170.3,27.44,130.8,91.79,1.81E+12
 LOVE004G.wav,2.63E+12,2.88E+11,23.96,2.459,1645,220.9,0.6693,0.06106,-0.5565,2.3339,52008373.26,14800774.32,0.03441,0.02783,68.75,55.5,0.0002217,0.0006358,0.4573,0.3218,0.0007663,0.0006027,0.009965,0.000258,207.7,4.529,147.6,100.7,2.92E+12
 LOVE005E.wav,4.47E+12,8.19E+11,84.93,18.47,1653,191.1,0.6508,0.04087,-0.604936,1.9296,56900763.16,14279524.03,0.05563,0.03935,59.33,48.84,0.00058,0.001637,0.4035,0.3075,0.001228,0.0008247,0.009604,0.0005538,157.2,23.25,133.2,86.32,5.29E+12
 LOVE005F.wav,6.70E+12,4.24E+11,0,0,1638,176.2,0.5381,0.0279,-0.47224,1.7466,68452288.88,18926368.79,0.0188,0.006986,69.19,40.76,0.00002403,0.00002383,0.5038,0.2723,0.0004083,0.0001858,0,0,0,0,154.5,72.91,7.12E+12
 LOVE005G.wav,1.04E+13,1.80E+12,25.5,3.404,1620,183.4,0.6301,0.05553,-0.5422,2.1002,54576779.9,17712555.07,0.02983,0.01805,25.31,29.77,0.00007406,0.0001589,0.1856,0.2613,0.0007412,0.0004714,0.009839,0.0005959,168.6,45.94,63.63,61.25,1.21E+13
 LOVE006E.wav,1.59E+13,1.33E+12,29.44,6.365,1661,172.4,0.6151,0.07926,-0.48973,2.323,56728764.43,16503887.97,0.0337,0.02086,49.1,46.49,0.0001594,0.0006512,0.3447,0.324,0.0007957,0.0004682,0.01014,0.0006941,202.8,5.774,107.9,84.77,1.72E+13
 LOVE006F.wav,2.36E+13,3.24E+12,12.59,5.608,1644,194.1,0.6185,0.0539,-0.70341,2.2492,50878192.08,21997247.69,0.02128,0.01393,36.45,39.83,0.00004703,0.00009911,0.2738,0.3026,0.0005101,0.0003716,0.01003,0.0006984,185.6,29.21,87.77,74.54,2.68E+13
 LOVE006G.wav,3.64E+13,4.16E+12,21.83,6.949,1649,167.3,0.6731,0.05648,-0.58519,2.551,55156495.83,17260664.97,0.03053,0.0205,42.3,45.86,0.00008126,0.0002075,0.2908,0.3121,0.0007592,0.0005304,0.009738,0.0004028,206.5,32.15,93.16,84.67,4.06E+13
 LOVE007E.wav,4.94E+13,3.26E+12,45.07,2.877,1668,165.7,0.538,0.06091,-0.52632,1.9241,63095861.97,13515049.42,0.04322,0.01718,31.57,34.79,0.00006706,0.0001144,0.2199,0.2565,0.001078,0.0004604,0.009005,0.0001772,217,13.12,82.04,69.31,5.27E+13
 LOVE007F.wav,6.24E+13,4.29E+12,18.55,4.258,1707,182.7,0.5554,0.03379,-0.20709,1.9631,46139049.38,12060642.76,0.0262,0.01492,49.02,31.47,0.0000821,0.0001301,0.3284,0.2405,0.0006222,0.0003634,0.009427,0.0004036,196.2,29.75,111,59.02,6.67E+13
 LOVE007G.wav,7.60E+13,3.51E+12,74.49,5.162,1621,197.6,0.6435,0.02269,-0.60083,2.0366,58406608.66,16886002.98,0.05248,0.03916,32.11,33,0.0001237,0.0001554,0.2268,0.2785,0.001325,0.001051,0.01099,0.0005113,120.5,1.306,73.81,61.91,7.95E+13
 LOVE008E.wav,1.01E+14,1.16E+13,21.57,3.705,1619,174.9,0.564,0.0469,-0.77811,2.0884,53880787.99,14959044.16,0.02718,0.01365,34.36,35.66,0.00005959,0.0001008,0.2453,0.2789,0.0006596,0.0003576,0.009524,0.0004866,220.5,1.115,80.48,64.18,1.13E+14
 LOVE008G.wav,1.27E+14,2.61E+12,0,0,1651,207.1,0.5637,0.06584,-0.68633,2.555,62618275.28,18714022.39,0.02736,0.01879,52.67,49.37,0.0001012,0.0003323,0.368,0.317,0.000654,0.0004454,0,0,0,0,121.4,92.99,1.29E+14
 LOVE009E.wav,1.52E+14,1.26E+13,16.66,6.028,1639,172.3,0.5676,0.06311,-0.37444,2.1278,50376612.44,11816135.15,0.02325,0.01294,59.18,48.23,0.00006077,0.00009758,0.3921,0.3093,0.0005265,0.0002907,0.009379,0.0003137,199.3,25.85,123.9,85.1,1.65E+14
 LOVE010E.wav,1.91E+14,9.54E+12,19.84,4.396,1674,182.9,0.6083,0.04184,-0.70638,1.8214,45892501.27,11243056.66,0.0262,0.01551,44.56,37.59,0.00006694,0.0001452,0.3264,0.2736,0.0006049,0.0003805,0.009638,0.0004368,142.9,63.08,100.9,67.72,2.00E+14
 LOVE010G.wav,2.23E+14,8.89E+12,59.05,6.216,1713,196.4,0.5553,0.03463,-0.15111,1.47859,58575479.48,16779981.06,0.04924,0.01674,12.86,8.277,0.0001572,0.0001904,0.06955,0.06753,0.001271,0.0004729,0.009206,0.000135,210.6,10.08,33.82,17.5,2.32E+14
 LOVE011E.wav,2.55E+14,9.72E+12,51.89,4.779,1741,162,0.5144,0.05739,-0.755079,1.4994,52868080.63,9666166.259,0.04121,0.0159,47.59,31.3,0.0001078,0.0001164,0.3565,0.2193,0.0009629,0.0003951,0.009474,0.0001684,220.3,2.226,113.4,58.97,2.65E+14
 LOVE011G.wav,2.88E+14,9.20E+12,29.86,1.826,1610,135.3,0.5997,0.04407,-0.37973,1.7527,71921600.17,13187073.76,0.02995,0.01409,30.29,18.04,0.00004465,0.0000575,0.1878,0.1919,0.000735,0.0003803,0.009031,0.0002451,157.8,52.93,76.76,39.06,2.97E+14
 LOVE012G.wav,3.20E+14,9.15E+12,51.14,4.545,1724,167.1,0.5507,0.04448,-0.44994,1.49047,43073844.26,13794595.63,0.04801,0.02005,23.51,13.16,0.0001445,0.0002723,0.1597,0.1287,0.001178,0.0005253,0.009326,0.0003332,215.9,14.4,62.08,30.51,3.29E+14
 LOVE013E.wav,3.52E+14,9.76E+12,35.28,2.56,1740,182.2,0.6797,0.03874,-0.67774,1.7117,48709455.84,12845201.81,0.03777,0.02192,36.1,27.29,0.0001235,0.0002076,0.2528,0.2087,0.0009434,0.0006021,0.00906,0.0001763,128.4,22.81,85.47,50.63,3.62E+14
 LOVE014E.wav,3.93E+14,1.38E+13,28.99,1.501,1688,203,0.6231,0.03483,-0.59913,2.3081,59740764.55,25167216.85,0.0336,0.0237,30.59,33.52,0.0001143,0.0002001,0.2112,0.2642,0.0008427,0.0006455,0.009663,0.0003043,186.2,58.87,72.04,66.51,4.07E+14
 LOVE016E.wav,4.36E+14,1.13E+13,47.11,4.418,1650,184.1,0.6125,0.0989,-0.5273328,2.3825,56113353.09,28641579.98,0.04038,0.03031,19.35,27.91,0.000107,0.0003331,0.1209,0.2042,0.00102,0.0007743,0.01005,0.0004469,192.4,67.05,48.45,56.23,4.48E+14
 LOVE016G.wav,4.75E+14,1.10E+13,43.97,4.348,1621,222.8,0.632,0.03276,-0.34461,2.479,61263495.62,14249484.73,0.03817,0.02795,75.57,60.87,0.0002199,0.00054,0.472,0.3537,0.0008925,0.0006721,0.01002,0.0004862,189.6,18.39,155.4,111.1,4.86E+14
 LOVE017E.wav,5.17E+14,1.36E+13,102.9,12.45,1758,224.6,0.5929,0.04006,-0.14136,2.36,46262268.18,28811135.74,0.05312,0.0315,26.45,18.66,0.0001551,0.0002956,0.1721,0.1978,0.001355,0.0008306,0.009647,0.0003389,194.9,25.41,62.29,39.83,5.31E+14
 LOVE018E.wav,5.70E+14,1.66E+13,48.54,15.58,1743,207.7,0.5698,0.03918,-0.193165,2.3306,50612301.33,23206954.47,0.04045,0.02453,27.52,21.48,0.0001218,0.0002408,0.1591,0.167,0.001022,0.0006416,0.00937,0.0002657,196.6,40.02,64.09,42.65,5.86E+14
 LOVE018G.wav,6.21E+14,1.31E+13,73.52,4.775,1694,183.3,0.5877,0.06685,-0.12213,2.1127,52915501.8,15479698.82,0.04608,0.02781,60.03,42.51,0.0001896,0.000405,0.39,0.2921,0.001095,0.0006989,0.009891,0.0003903,210,4.169,126.9,78.06,6.34E+14
 LOVE019E.wav,7.23E+14,4.66E+13,46.47,12.62,1736,199.7,0.6036,0.05575,-0.258621,2.2994,54545333.07,21768439.1,0.03958,0.02588,27.6,28.24,0.000138,0.0002742,0.1803,0.2254,0.00101,0.0007032,0.009225,0.0004455,165.1,44.32,63.79,55.58,7.69E+14
 LOVE019G.wav,8.52E+14,2.73E+13,37.85,5.629,1736,205.1,0.602,0.08479,-0.31965,1.7775,42738301.49,11093428.31,0.03635,0.02281,59.96,43.3,0.0001547,0.0004821,0.4105,0.2581,0.0008347,0.0005358,0.009674,0.0003287,201,34.39,130.8,77.62,8.79E+14
 LOVE021E.wav,9.34E+14,2.02E+13,171.9,23.09,1762,143.4,0.5792,0.0643,-0.57015,1.6693,47525366.42,20730313.18,0.0707,0.04457,26,16.54,0.0004065,0.000713,0.1685,0.1474,0.001789,0.001203,0.009563,0.0001309,216.2,21.32,64.99,33.82,9.55E+14
 LOVE026G.wav,1.11E+15,8.34E+13,24,15.98,1643,181,0.6232,0.07993,-0.48171,2.3249,55365978.71,19470502.6,0.03084,0.03224,28.64,31.18,0.0001184,0.0003075,0.1932,0.2547,0.0007852,0.0008678,0.01071,0.001756,203.4,39.28,67.48,61.48,1.19E+15
 LOVE027G.wav,1.37E+15,6.58E+13,35.51,26.37,1639,201,0.613,0.05539,-0.39787,2.5355,49553728.83,16995275.58,0.03519,0.03284,51.79,51.97,0.0001383,0.0003445,0.3257,0.3154,0.0008693,0.0008677,0.01023,0.0008011,160.7,50.69,107.9,94.97,1.44E+15
 LOVE028G.wav,1.53E+15,2.39E+13,68.98,7.33,1661,175.9,0.5743,0.05092,-0.14274,1.8551,71164111.49,13134738.71,0.04656,0.02984,48.1,36.16,0.00009204,0.0001657,0.3349,0.2967,0.001143,0.0008004,0.01093,0.0003868,220.6,4.00E-13,102.6,66.01,1.55E+15
 LOVE029G.wav,1.64E+15,4.22E+13,28.8,5.476,1706,207.7,0.6539,0.08714,-0.36737,2.485,65299808.95,20155992.89,0.0297,0.02449,62.08,52.32,0.000145,0.000512,0.4066,0.3329,0.0006985,0.0005732,0.009923,0.0004982,179.3,32.95,131.7,94.39,1.68E+15
 LOVE030G.wav,1.85E+15,8.04E+13,53.69,11.72,1734,161.2,0.7206,0.07411,-0.54528,1.91,63401223.12,17562017.93,0.04319,0.04074,63.02,46.02,0.0002281,0.0006823,0.4344,0.2872,0.001028,0.001106,0.009762,0.000577,168,54.83,139.2,83.07,1.93E+15
 LOVE031G.wav,2.03E+15,2.15E+13,11.76,0.8053,1699,207.5,0.5484,0.03391,-0.59197,2.3656,43960990.72,16350952.97,0.02099,0.01061,54.07,48.63,0.00004037,0.00007605,0.3821,0.3243,0.0004953,0.0002563,0.009276,0.0001484,213.7,10.8,117.5,89.69,2.05E+15
 LOVE032G.wav,2.27E+15,1.19E+14,7.561,2.64,1595,170.4,0.6155,0.05382,0.25593,2.3427,39540438.56,10935793.98,0.01641,0.01311,109.5,48.72,0.00005575,0.000174,0.6339,0.2504,0.0003577,0.0002976,0.01014,0.0006831,207.3,29.06,215.5,90.76,2.39E+15
 LOVE034G.wav,2.55E+15,4.22E+13,14.05,1.502,1660,159.5,0.6541,0.05129,-0.28628,1.992,54619175.7,12960369.57,0.02374,0.01574,79.21,41.57,0.0001016,0.0002952,0.5791,0.2468,0.0005059,0.0003292,0.009524,0.0002307,202.2,15.71,170.9,72.72,2.59E+15
 LOVE039G.wav,2.77E+15,8.71E+13,46.65,50.78,1615,188.5,0.5555,0.05893,-0.32945,2.1501,52459585.99,14563331.1,0.03321,0.03189,39.52,30.98,0.0001776,0.0004014,0.2719,0.2442,0.0007408,0.0006694,0.01093,0.002169,218.2,12.07,89.77,58.2,2.86E+15
 LOVE042G.wav,3.01E+15,4.71E+13,9.839,0.4632,1696,190,0.6143,0.03936,-0.45238,2.2066,46945169.91,18998723.01,0.01968,0.008322,31.43,25.8,0.00002742,0.00004544,0.2273,0.2315,0.0004848,0.0002253,0.009256,0.0002248,207.3,13.09,75.15,50.23,3.05E+15
 LOVE043G.wav,3.22E+15,7.61E+13,19.88,3.112,1723,196.1,0.5428,0.04006,-0.16142,2.0728,41862540.56,21584235.33,0.02642,0.009464,28.93,22.37,0.00003706,0.00005199,0.1752,0.1971,0.0006567,0.0002456,0.009127,0.00009085,215.4,15.48,67.61,44.17,3.30E+15
 LOVE045G.wav,3.40E+15,3.04E+13,6.806,0.3851,1672,176.2,0.5472,0.04351,-0.48317,2.3982,55144422.61,23673078.05,0.01561,0.008962,18.93,17.92,0.00001279,0.00003987,0.1133,0.1696,0.0003969,0.0002327,0.01012,0.00008402,220.6,8.69E-14,52.67,38.85,3.43E+15
 LOVE049G.wav,3.52E+15,3.45E+13,15.54,1.23,1670,193.7,0.5793,0.03283,0.16661,2.2644,46269885.2,14347382.12,0.02386,0.01482,59.66,45.54,0.00005338,0.0001042,0.3899,0.3113,0.0005658,0.0003774,0.00952,0.0002392,220.6,8.60E-14,123.2,83.81,3.55E+15
 LOVE051G.wav,3.69E+15,6.87E+13,18.06,3.499,1718,205.6,0.6096,0.05268,-0.57415,2.6701,48354742.27,15835434.59,0.02335,0.01615,56.97,42.08,0.00006842,0.0002036,0.3622,0.2752,0.0005661,0.0003861,0.009737,0.000404,152.3,26.02,123.1,75.28,3.76E+15
 LOVE052G.wav,3.98E+15,9.54E+13,23.17,5.178,1643,180.6,0.6167,0.06076,-0.36334,2.312,43101639.47,9751415.068,0.02834,0.01816,76.21,39.25,0.0001045,0.0002013,0.4752,0.2424,0.0006726,0.0004767,0.00961,0.0003597,203.2,30.08,160.1,67.95,4.07E+15
 LOVE056G.wav,4.27E+15,7.16E+13,19.37,6.707,1600,167.1,0.6256,0.04196,-0.51892,1.8925,49682316.88,8996646.381,0.02862,0.01644,65.95,46.48,0.0001069,0.0001966,0.4608,0.2768,0.0006284,0.0003726,0.00919,0.0002839,201,30.21,146.4,81.72,4.34E+15
 LOVE057G.wav,4.45E+15,3.64E+13,11.48,0.2688,1681,222.2,0.5603,0.04835,-0.37891,2.1172,48521145.38,10658295.46,0.02107,0.01246,85.61,58.16,0.00006574,0.0001013,0.5443,0.3087,0.0004604,0.000262,0.00912,0.0001085,157.1,55.53,174.2,103,4.49E+15
Grand Total,5.45E+16,1.31E+15,1772.296,345.2455,85506,9632.1,30.557,2.72183,-21.7658818,106.41879,2646132564,814636279.3,1.79851,1.091934,2395.21,1854.585,0.00671756,0.01521047,16.05298,12.88837,0.0433844,0.0274122,0.455411,0.01987637,8972,1209.059,5328.8,3451.58,5.58E+16
